22565
14708
34371
34373
34451
34349
34527
34533
17356
17372
34589
35492
34415
34417
34465
34573
34499
34495
34493
34511
28191
34501
34333
34551
34553
34409
34365
34569
34571
23726
34401
17230
25367
34335
34337
34339
34341
34325
18947
18948
22564
17229
34367
34331
21603
17364
25369
34431
34453
34497
25387
34455
34403
17355
34399
34323
34437
23717
17358
17370
34467
34433
34435
34351
34411
34587
34565
34523
34369
34563
34559
34481
19951
34581
34577
22556
34585
34473
25386
22563
34457
34513
22557
28201
34405
34541
34459
34535
34429
25383
34439
34387
34361
34557
34503
34583
34359
25382
34537
34393
34505
34419
34443
17361
17238
17360
34575
34543
34507
34555
34355
34521
34549
34529
34545
34471
34509
34525
34395
34515
34377
34519
34547
25380
34531
34539
